0 1
1 2
2 3
3 4
4 5
5 6
6 7
7 8
8 9
9 10
10 11
11 12
12 13
13 14
14 15
15 16
16 17
17 18
18 19
19 20
20 21
21 22
22 23
23 24
24 25
25 26
26 27
27 28
28 29
29 30
30 31
31 32
32 33
33 34
34 35
35 36
36 37
37 38
38 39
39 40
40 41
41 42
42 43
43 44
44 45
45 46
46 47
47 48
48 49
49 50
50 51
51 52
52 53
53 54
54 55
55 56
56 57
57 58
58 59
59 60
60 61
61 62
62 63
63 64
64 65
65 66
66 67
67 68
68 69
69 70
70 71
71 72
72 73
73 74
74 75
75 76
76 77
77 78
78 79
79 80
80 81
81 82
82 83
83 84
84 85
85 86
86 87
87 88
88 89
89 90
90 91
91 92
92 93
93 94
94 95
95 96
96 97
97 98
98 99
99 100
100 101
101 102
102 103
103 104
104 105
105 106
106 107
107 108
108 109
109 110
110 111
111 112
112 113
113 114
114 115
115 116
116 117
117 118
118 119
119 120
120 121
121 122
122 123
123 124
124 125
125 126
126 127
127 128
128 129
129 130
130 131
131 132
132 0
48 50
18 25
19 55
26 65
76 128
88 96
26 92
70 92
123 126
6 101
11 68
29 34
43 62
11 93
22 47
77 123
26 66
97 118
7 130
21 23
8 72
19 49
96 99
78 121
16 68
101 106
27 42
94 101
43 50
81 121
37 39
103 109
1 108
109 115
115 120
121 123
129 131
71 81
27 37
43 52
100 115
111 129
3 131
26 47
56 58
63 66
81 86
109 114
0 2
15 92
84 120
90 93
97 116
63 68
17 68
7 93
122 128
74 81
19 59
93 96
87 89
30 34
76 81
37 40
1 101
96 118
11 71
109 131
19 24
5 101
10 71
17 63
26 37
99 116
111 131
11 14
59 61
122 127
42 45
31 36
26 31
86 120
110 113
71 92
82 121
93 95
14 93
54 59
27 36
19 53
38 42
97 117
73 76
125 128
105 108
37 47
7 72
31 33
42 62
77 81
82 84
28 31
87 118
23 25
102 104
27 62
72 74
53 60
19 61
15 18
1 5
20 48
30 33
64 66
71 89
51 53
60 62
86 118
100 103
38 41
108 131
14 68
105 107
96 100
71 91
5 131
115 119
88 93
14 16
81 85
120 122
40 47
27 65
31 35
124 128
45 47
11 69
12 14
13 68
2 132
1 106
110 114
81 89
28 36
53 62
19 58
26 28
7 129
76 123
54 58
63 67
53 55
7 76
112 120
15 93
82 85
2 5
67 92
25 92
5 130
54 60
71 74
93 101
116 119
120 128
2 4
44 46
86 89
2 131
8 11
86 119
20 49
126 128
50 53
116 118
112 128
71 90
42 44
114 120
79 121
9 11
123 128
29 36
37 42
1 131
103 115
42 47
102 106
12 68
106 108
9 71
17 19
77 121
41 47
104 106
123 125
67 69
19 25
44 50
22 25
28 30
77 80
104 109
76 129
9 72
94 100
84 86
3 5
43 53
109 111
34 36
44 47
7 11
30 32
31 34
22 26
88 90
67 70
15 25
22 48
110 112
99 115
101 103
98 116
27 63
73 75
43 51
79 81
75 81
27 64
77 79
44 48
19 63
6 130
55 58
19 23
31 37
113 120
1 132
123 127
20 23
83 85
19 62
7 73
94 96
54 56
39 41
82 120
111 128
105 109
15 17
69 71
21 48
97 99
90 92
49 53
88 118
55 57
26 67
7 101

0 1
1 2
2 3
3 4
4 5
5 6
6 7
7 8
8 9
9 10
10 11
11 12
12 13
13 14
14 15
15 16
16 17
17 18
18 19
19 20
20 21
21 22
22 23
23 24
24 25
25 26
26 27
27 28
28 29
29 30
30 31
31 32
32 33
33 34
34 35
35 36
36 37
37 38
38 39
39 40
40 41
41 42
42 43
43 44
44 45
45 46
46 47
47 48
48 49
49 50
50 51
51 52
52 53
53 54
54 55
55 56
56 57
57 58
58 59
59 60
60 61
61 62
62 63
63 64
64 65
65 66
66 67
67 68
68 69
69 70
70 71
71 72
72 73
73 74
74 75
75 76
76 77
77 78
78 79
79 80
80 81
81 82
82 83
83 84
84 85
85 86
86 87
87 88
88 89
89 90
90 91
91 92
92 93
93 94
94 95
95 96
96 97
97 98
98 99
99 100
100 101
101 102
102 103
103 104
104 105
105 106
106 107
107 108
108 109
109 110
110 111
111 112
112 113
113 114
114 115
115 116
116 117
117 118
118 119
119 120
120 121
121 122
122 123
123 124
124 125
125 126
126 127
127 128
128 129
129 130
130 131
131 132
132 0
4 115
72 120
41 112
5 123
24 45
74 104
47 57
9 19
10 121
79 85
43 45
58 100
19 71
119 127
68 88
85 104
72 119
37 45
89 103
100 110
45 58
50 68
29 33
74 76
100 107
10 13
4 20
49 68
23 48
59 94
34 114
51 56
81 104
117 130
104 108
55 62
42 58
68 89
68 92
37 44
0 116
116 130
0 3
22 49
90 97
59 65
2 125
76 79
39 114
70 74
35 38
74 87
21 49
17 121
108 113
35 37
116 132
70 72
34 38
57 59
53 68
89 101
41 111
4 26
21 70
11 16
18 121
21 24
59 99
66 92
121 124
114 119
26 33
28 114
49 69
72 121
52 56
33 36
23 46
72 108
33 114
49 70
10 12
77 86
28 115
117 128
121 126
122 124
75 80
80 83
121 127
2 123
49 56
4 8
100 105
25 36
104 107
59 92
55 59
52 68
80 85
10 123
69 88
117 119
69 87
98 100
62 67
62 65
70 73
9 17
4 25
107 109
89 98
77 87
27 31
126 129
41 113
40 44
125 130
39 113
55 67
26 115
59 98
90 95
115 118
10 17
46 58
4 19
20 71
74 80
27 30
4 24
53 67
6 8
77 85
59 95
8 123
82 104
91 94
9 18
29 32
24 46
89 102
12 16
1 125
27 29
59 97
47 58
61 63
24 37
88 104
38 44
115 117
4 9
49 51
90 94
14 121
38 40
111 113
62 64
83 104
4 6
92 94
80 82
61 65
100 109
58 99
27 115
65 67
0 131
84 104
98 101
26 32
90 98
25 37
4 116
1 130
51 68
65 92
59 96
72 104
43 58
89 92
20 70
55 60
89 104
114 118
48 57
100 111
40 43
102 105
120 127
38 114
108 111
10 122
90 96
86 104
100 102
2 124
127 129
89 91
130 132
4 21
1 3
10 14
124 126
29 114
12 15
128 130
26 36
11 17
48 56
91 93
66 68
0 4
7 123
108 114
74 77
103 105
108 110
0 130
6 123
73 104
9 123
3 123
4 123
27 32
63 65
19 121
87 104
42 111
76 80
41 43
22 24
13 15
117 127
80 104
19 72
78 85
56 59
40 113
76 78
126 130
42 100
14 17
72 114
52 55
29 31
100 106
55 61
23 49
54 67
80 84
69 74
23 47
52 54
33 35
60 65
