0 1
1 2
2 3
3 4
4 5
5 6
6 7
7 8
8 9
9 10
10 11
11 12
12 13
13 14
14 15
15 16
16 17
17 18
18 19
19 20
20 21
21 22
22 23
23 24
24 25
25 26
26 27
27 28
28 29
29 30
30 31
31 32
32 33
33 34
34 35
35 36
36 37
37 38
38 39
39 40
40 41
41 42
42 43
43 44
44 45
45 46
46 47
47 48
48 49
49 50
50 51
51 52
52 53
53 54
54 55
55 56
56 57
57 58
58 59
59 0
24 29
11 26
11 40
14 58
29 53
29 56
12 23
43 48
31 33
17 56
11 28
38 53
11 23
43 47
10 13
3 10
14 56
42 54
47 49
36 38
10 54
1 10
55 58
44 54
7 14
28 31
40 49
15 56
19 21
2 58
14 19
40 52
3 9
45 53
39 53
19 56
5 7
14 21
42 49
36 53
20 24
37 40
6 9
32 34
24 27
22 24
10 59
23 26
56 58
25 27
17 19
3 5
28 36
16 18
35 53
10 41
2 10
43 49
30 32
10 14
3 7
2 14
15 19
20 29
33 35
45 51
0 2
12 14
23 25
9 14
54 58
3 14
20 22
51 53
45 50
3 6
21 23
0 58
4 7
10 40
31 36
45 54
43 46
33 36
36 40
39 52
20 56
40 50
46 49
27 29
43 45
15 18
28 40
29 31
55 57
54 56
45 49
42 44
41 49
15 17
7 9
10 12
11 27
12 21
1 59
8 14
29 35
54 59
32 35
37 39
41 54
29 32
29 54
40 51

0 1
1 2
2 3
3 4
4 5
5 6
6 7
7 8
8 9
9 10
10 11
11 12
12 13
13 14
14 15
15 16
16 17
17 18
18 19
19 20
20 21
21 22
22 23
23 24
24 25
25 26
26 27
27 28
28 29
29 30
30 31
31 32
32 33
33 34
34 35
35 36
36 37
37 38
38 39
39 40
40 41
41 42
42 43
43 44
44 45
45 46
46 47
47 48
48 49
49 50
50 51
51 52
52 53
53 54
54 55
55 56
56 57
57 58
58 59
59 0
46 54
0 16
30 39
31 50
18 43
9 30
30 34
9 56
20 25
22 25
3 8
0 15
12 16
7 56
3 56
31 38
41 45
34 37
16 27
36 39
34 36
18 54
49 53
27 41
39 46
51 55
31 55
52 55
0 10
23 27
17 20
26 42
35 39
10 16
27 30
31 46
31 39
9 28
20 23
11 14
0 9
32 38
18 20
31 47
4 8
24 26
10 28
17 54
30 33
47 54
48 50
17 27
17 59
0 17
44 46
12 15
4 56
20 42
17 58
49 52
16 28
56 59
2 8
30 35
26 41
5 8
19 43
9 29
0 11
6 56
41 44
31 51
49 51
11 15
20 27
17 55
28 30
1 9
17 57
18 46
3 59
30 41
31 56
33 38
52 54
1 8
6 8
41 43
40 45
20 26
9 31
18 44
47 53
11 16
40 46
47 50
48 53
57 59
1 3
4 6
30 40
0 3
8 56
33 37
19 42
13 15
11 13
21 25
