0 1
1 2
2 3
3 4
4 5
5 6
6 7
7 8
8 9
9 10
10 11
11 12
12 13
13 14
14 15
15 16
16 17
17 18
18 19
19 20
20 21
21 22
22 23
23 24
24 25
25 26
26 27
27 28
28 29
29 30
30 31
31 32
32 33
33 34
34 35
35 36
36 37
37 38
38 39
39 40
40 41
41 42
42 43
43 44
44 45
45 46
46 47
47 48
48 49
49 50
50 51
51 52
52 53
53 54
54 55
55 56
56 57
57 58
58 59
59 60
60 61
61 62
62 63
63 64
64 65
65 66
66 0
28 55
30 40
9 61
37 65
38 63
37 66
32 35
23 60
16 61
46 49
23 35
4 7
51 55
0 3
54 63
39 54
8 21
7 66
47 51
4 64
24 26
55 63
17 20
28 42
19 21
27 59
6 66
39 41
56 58
9 63
46 51
35 38
44 50
30 39
15 21
9 15
5 66
7 64
41 52
30 35
11 16
0 65
25 31
49 51
4 6
16 20
43 45
27 30
2 4
3 65
39 52
24 32
0 2
59 63
29 42
30 41
10 14
41 46
23 37
45 49
43 55
1 66
28 59
23 36
46 48
9 16
17 23
42 55
29 41
23 59
55 59
1 5
16 60
16 21
14 16
30 32
44 49
8 66
8 22
27 31
8 15
17 21
9 11
52 54
39 53
17 22
51 54
55 57
17 19
33 35
1 4
23 27
8 63
3 64
38 54
8 37
8 23
24 34
37 63
46 52
56 63
41 45
25 32
17 60
18 21
44 51
25 27
10 15
35 37
55 58
12 16
24 35
35 39
56 59
10 12
24 27
59 61
32 34
43 51
61 63
10 13
13 16
7 63
48 51
27 29
41 43
59 62
63 65
0 1
1 2
2 3
3 4
4 5
5 6
6 7
7 8
8 9
9 10
10 11
11 12
12 13
13 14
14 15
15 16
16 17
17 18
18 19
19 20
20 21
21 22
22 23
23 24
24 25
25 26
26 27
27 28
28 29
29 30
30 31
31 32
32 33
33 34
34 35
35 36
36 37
37 38
38 39
39 40
40 41
41 42
42 43
43 44
44 45
45 46
46 47
47 48
48 49
49 50
50 51
51 52
52 53
53 54
54 55
55 56
56 57
57 58
58 59
59 60
60 61
61 62
62 63
63 64
64 65
65 66
66 0
9 64
6 40
11 56
10 21
9 28
57 60
22 24
4 61
11 35
49 53
11 44
30 34
28 33
57 62
7 37
54 59
15 33
4 42
4 45
50 53
5 8
58 60
48 50
38 40
39 42
19 28
9 65
40 42
15 28
15 19
4 66
2 9
4 62
10 64
37 43
11 64
34 37
28 31
44 55
57 59
0 9
8 29
53 61
30 33
8 30
6 37
15 17
23 28
52 61
19 25
18 20
54 57
54 60
10 18
57 64
22 28
63 66
48 54
6 38
22 25
44 46
4 9
8 34
42 44
13 35
36 43
37 39
21 28
11 13
62 64
6 42
47 50
4 47
45 47
60 62
19 26
20 25
0 4
35 43
47 61
14 34
5 9
37 42
13 18
44 47
8 28
19 27
11 57
64 66
51 61
29 31
9 66
13 34
9 21
15 34
54 56
4 63
14 17
11 43
6 41
31 33
47 54
44 54
3 9
5 42
14 18
42 45
25 28
5 7
20 22
24 28
1 3
15 18
50 61
53 60
12 35
26 28
51 53
48 53
34 36
28 32
1 9
7 34
11 55
10 20
16 18
11 18
