0 2
1 3
1 2
0 3
2 4
3 5
3 4
2 5
4 6
5 7
5 6
4 7
6 8
7 9
7 8
6 9
8 10
9 11
9 10
8 11
10 12
11 13
11 12
10 13
12 14
13 15
13 14
12 15
14 16
15 17
15 16
14 17
16 18
17 19
17 18
16 19
18 20
19 21
19 20
18 21
20 22
21 23
21 22
20 23
22 24
23 25
23 24
22 25
24 26
25 27
25 26
24 27
26 28
27 29
27 28
26 29
28 30
29 31
29 30
28 31
30 32
31 33
31 32
30 33
32 34
33 35
33 34
32 35
34 36
35 37
35 36
34 37
36 38
37 39
37 38
36 39
38 40
39 41
39 40
38 41
40 42
41 43
41 42
40 43
42 44
43 45
43 44
42 45
44 46
45 47
45 46
44 47
46 48
47 49
47 48
46 49
48 50
49 51
49 50
48 51
50 52
51 53
51 52
50 53
52 54
53 55
53 54
52 55
54 56
55 57
55 56
54 57
56 58
57 59
57 58
56 59
58 60
59 61
59 60
58 61
60 62
61 63
61 62
60 63
62 64
63 65
63 64
62 65
64 66
65 67
65 66
64 67
66 68
67 69
67 68
66 69
68 70
69 71
69 70
68 71
70 72
71 73
71 72
70 73
72 74
73 75
73 74
72 75
74 76
75 77
75 76
74 77
76 78
77 79
77 78
76 79
78 80
79 81
79 80
78 81
80 82
81 83
81 82
80 83
82 84
83 85
83 84
82 85
84 86
85 87
85 86
84 87
86 88
87 89
87 88
86 89
88 90
89 91
89 90
88 91
90 92
91 93
91 92
90 93
92 94
93 95
93 94
92 95
94 96
95 97
95 96
94 97
96 98
97 99
97 98
96 99
98 100
99 101
99 100
98 101
100 102
101 103
101 102
100 103
102 104
103 105
103 104
102 105
104 106
105 107
105 106
104 107
106 108
107 109
107 108
106 109
108 110
109 111
109 110
108 111
110 112
111 113
111 112
110 113
112 114
113 115
113 114
112 115
114 116
115 117
115 116
114 117
116 118
117 119
117 118
116 119
118 120
119 121
119 120
118 121
120 122
121 123
121 122
120 123
122 124
123 125
123 124
122 125
124 126
125 127
125 126
124 127
126 128
127 129
127 128
126 129
128 130
129 131
129 130
128 131
130 132
131 133
131 132
130 133
132 0
133 1
133 0
132 1
56 110
57 111
57 110
56 111
60 80
61 81
61 80
60 81
18 122
19 123
19 122
18 123
74 130
75 131
75 130
74 131
76 126
77 127
77 126
76 127
74 132
75 133
75 132
74 133
64 70
65 71
65 70
64 71
46 120
47 121
47 120
46 121
32 122
33 123
33 122
32 123
92 98
93 99
93 98
92 99
46 70
47 71
47 70
46 71
8 14
9 15
9 14
8 15
102 110
103 111
103 110
102 111
0 6
1 7
1 6
0 7
108 126
109 127
109 126
108 127
78 108
79 109
79 108
78 109
16 42
17 43
17 42
16 43
14 132
15 133
15 132
14 133
94 102
95 103
95 102
94 103
8 128
9 129
9 128
8 129
48 52
49 53
49 52
48 53
110 126
111 127
111 126
110 127
34 40
35 41
35 40
34 41
56 84
57 85
57 84
56 85
38 42
39 43
39 42
38 43
54 118
55 119
55 118
54 119
12 132
13 133
13 132
12 133
78 82
79 83
79 82
78 83
112 116
113 117
113 116
112 117
18 126
19 127
19 126
18 127
92 102
93 103
93 102
92 103
70 76
71 77
71 76
70 77
88 100
89 101
89 100
88 101
60 78
61 79
61 78
60 79
30 42
31 43
31 42
30 43
18 30
19 31
19 30
18 31
10 132
11 133
11 132
10 133
14 128
15 129
15 128
14 129
82 104
83 105
83 104
82 105
60 70
61 71
61 70
60 71
22 32
23 33
23 32
22 33
0 130
1 131
1 130
0 131
50 62
51 63
51 62
50 63
98 102
99 103
99 102
98 103
8 12
9 13
9 12
8 13
32 40
33 41
33 40
32 41
86 90
87 91
87 90
86 91
54 60
55 61
55 60
54 61
4 8
5 9
5 8
4 9
6 130
7 131
7 130
6 131
78 104
79 105
79 104
78 105
48 64
49 65
49 64
48 65
0 4
1 5
1 4
0 5
118 126
119 127
119 126
118 127
58 84
59 85
59 84
58 85
60 82
61 83
61 82
60 83
20 28
21 29
21 28
20 29
82 92
83 93
83 92
82 93
46 74
47 75
47 74
46 75
90 98
91 99
91 98
90 99
86 110
87 111
87 110
86 111
2 132
3 133
3 132
2 133
56 118
57 119
57 118
56 119
46 72
47 73
47 72
46 73
92 96
93 97
93 96
92 97
18 32
19 33
19 32
18 33
34 46
35 47
35 46
34 47
84 110
85 111
85 110
84 111
58 82
59 83
59 82
58 83
46 118
47 119
47 118
46 119
110 118
111 119
111 118
110 119
2 10
3 11
3 10
2 11
32 120
33 121
33 120
32 121
32 42
33 43
33 42
32 43
28 32
29 33
29 32
28 33
60 64
61 65
61 64
60 65
88 98
89 99
89 98
88 99
16 132
17 133
17 132
16 133
16 44
17 45
17 44
16 45
54 62
55 63
55 62
54 63
16 30
17 31
17 30
16 31
34 42
35 43
35 42
34 43
18 22
19 23
19 22
18 23
104 108
105 109
105 108
104 109
78 106
79 107
79 106
78 107
34 44
35 45
35 44
34 45
102 108
103 109
103 108
102 109
110 114
111 115
111 114
110 115
34 38
35 39
35 38
34 39
66 70
67 71
67 70
66 71
2 8
3 9
3 8
2 9
46 54
47 55
47 54
46 55
16 126
17 127
17 126
16 127
6 128
7 129
7 128
6 129
76 108
77 109
77 108
76 109
16 74
17 75
17 74
16 75
16 46
17 47
17 46
16 47
48 68
49 69
49 68
48 69
74 126
75 127
75 126
74 127
92 104
93 105
93 104
92 105
112 126
113 127
113 126
112 127
82 90
83 91
83 90
82 91
50 64
51 65
51 64
50 65
34 120
35 121
35 120
34 121
36 42
37 43
37 42
36 43
88 102
89 103
89 102
88 103
50 54
51 55
51 54
50 55
20 30
21 31
21 30
20 31
70 74
71 75
71 74
70 75
110 116
111 117
111 116
110 117
24 32
25 33
25 32
24 33
48 70
49 71
49 70
48 71
70 78
71 79
71 78
70 79
112 118
113 119
113 118
112 119
20 24
21 25
21 24
20 25
48 54
49 55
49 54
48 55
118 122
119 123
119 122
118 123
64 68
65 69
65 68
64 69
86 102
87 103
87 102
86 103
122 126
123 127
123 126
122 127
20 26
21 27
21 26
20 27
26 32
27 33
27 32
26 33
14 126
15 127
15 126
14 127
96 102
97 103
97 102
96 103
54 58
55 59
55 58
54 59
82 86
83 87
83 86
82 87
118 124
119 125
119 124
118 125
126 130
127 131
127 130
126 131
0 2
1 3
1 2
0 3
2 4
3 5
3 4
2 5
4 6
5 7
5 6
4 7
6 8
7 9
7 8
6 9
8 10
9 11
9 10
8 11
10 12
11 13
11 12
10 13
12 14
13 15
13 14
12 15
14 16
15 17
15 16
14 17
16 18
17 19
17 18
16 19
18 20
19 21
19 20
18 21
20 22
21 23
21 22
20 23
22 24
23 25
23 24
22 25
24 26
25 27
25 26
24 27
26 28
27 29
27 28
26 29
28 30
29 31
29 30
28 31
30 32
31 33
31 32
30 33
32 34
33 35
33 34
32 35
34 36
35 37
35 36
34 37
36 38
37 39
37 38
36 39
38 40
39 41
39 40
38 41
40 42
41 43
41 42
40 43
42 44
43 45
43 44
42 45
44 46
45 47
45 46
44 47
46 48
47 49
47 48
46 49
48 50
49 51
49 50
48 51
50 52
51 53
51 52
50 53
52 54
53 55
53 54
52 55
54 56
55 57
55 56
54 57
56 58
57 59
57 58
56 59
58 60
59 61
59 60
58 61
60 62
61 63
61 62
60 63
62 64
63 65
63 64
62 65
64 66
65 67
65 66
64 67
66 68
67 69
67 68
66 69
68 70
69 71
69 70
68 71
70 72
71 73
71 72
70 73
72 74
73 75
73 74
72 75
74 76
75 77
75 76
74 77
76 78
77 79
77 78
76 79
78 80
79 81
79 80
78 81
80 82
81 83
81 82
80 83
82 84
83 85
83 84
82 85
84 86
85 87
85 86
84 87
86 88
87 89
87 88
86 89
88 90
89 91
89 90
88 91
90 92
91 93
91 92
90 93
92 94
93 95
93 94
92 95
94 96
95 97
95 96
94 97
96 98
97 99
97 98
96 99
98 100
99 101
99 100
98 101
100 102
101 103
101 102
100 103
102 104
103 105
103 104
102 105
104 106
105 107
105 106
104 107
106 108
107 109
107 108
106 109
108 110
109 111
109 110
108 111
110 112
111 113
111 112
110 113
112 114
113 115
113 114
112 115
114 116
115 117
115 116
114 117
116 118
117 119
117 118
116 119
118 120
119 121
119 120
118 121
120 122
121 123
121 122
120 123
122 124
123 125
123 124
122 125
124 126
125 127
125 126
124 127
126 128
127 129
127 128
126 129
128 130
129 131
129 130
128 131
130 132
131 133
131 132
130 133
132 0
133 1
133 0
132 1
18 128
19 129
19 128
18 129
12 80
13 81
13 80
12 81
22 112
23 113
23 112
22 113
20 42
21 43
21 42
20 43
18 56
19 57
19 56
18 57
114 120
115 121
115 120
114 121
44 48
45 49
45 48
44 49
8 122
9 123
9 122
8 123
22 70
23 71
23 70
22 71
98 106
99 107
99 106
98 107
22 88
23 89
23 88
22 89
60 68
61 69
61 68
60 69
56 66
57 67
57 66
56 67
114 124
115 125
115 124
114 125
14 74
15 75
15 74
14 75
108 118
109 119
109 118
108 119
30 66
31 67
31 66
30 67
8 84
9 85
9 84
8 85
8 90
9 91
9 90
8 91
100 106
101 107
101 106
100 107
10 16
11 17
11 16
10 17
116 120
117 121
117 120
116 121
96 100
97 101
97 100
96 101
76 80
77 81
77 80
76 81
78 84
79 85
79 84
78 85
38 56
39 57
39 56
38 57
18 130
19 131
19 130
18 131
80 84
81 85
81 84
80 85
30 56
31 57
31 56
30 57
30 38
31 39
31 38
30 39
8 132
9 133
9 132
8 133
4 18
5 19
5 18
4 19
8 124
9 125
9 124
8 125
20 128
21 129
21 128
20 129
74 86
75 87
75 86
74 87
22 128
23 129
23 128
22 129
68 74
69 75
69 74
68 75
56 62
57 63
57 62
56 63
88 110
89 111
89 110
88 111
114 118
115 119
115 118
114 119
0 18
1 19
1 18
0 19
16 58
17 59
17 58
16 59
106 122
107 123
107 122
106 123
60 66
61 67
61 66
60 67
16 60
17 61
17 60
16 61
12 74
13 75
13 74
12 75
30 34
31 35
31 34
30 35
46 56
47 57
47 56
46 57
104 122
105 123
105 122
104 123
38 50
39 51
39 50
38 51
36 40
37 41
37 40
36 41
108 114
109 115
109 114
108 115
108 120
109 121
109 120
108 121
20 36
21 37
21 36
20 37
114 128
115 129
115 128
114 129
44 56
45 57
45 56
44 57
126 132
127 133
127 132
126 133
96 108
97 109
97 108
96 109
12 76
13 77
13 76
12 77
44 50
45 51
45 50
44 51
88 92
89 93
89 92
88 93
8 18
9 19
9 18
8 19
16 68
17 69
17 68
16 69
84 88
85 89
85 88
84 89
26 70
27 71
27 70
26 71
72 86
73 87
73 86
72 87
74 78
75 79
75 78
74 79
42 56
43 57
43 56
42 57
22 26
23 27
23 26
22 27
124 128
125 129
125 128
124 129
12 84
13 85
13 84
12 85
94 100
95 101
95 100
94 101
8 94
9 95
9 94
8 95
90 94
91 95
91 94
90 95
120 124
121 125
121 124
120 125
38 52
39 53
39 52
38 53
40 50
41 51
41 50
40 51
0 8
1 9
1 8
0 9
70 86
71 87
71 86
70 87
94 122
95 123
95 122
94 123
28 68
29 69
29 68
28 69
10 18
11 19
11 18
10 19
74 84
75 85
75 84
74 85
26 36
27 37
27 36
26 37
88 94
89 95
89 94
88 95
16 56
17 57
17 56
16 57
38 54
39 55
39 54
38 55
22 114
23 115
23 114
22 115
128 132
129 133
129 132
128 133
102 122
103 123
103 122
102 123
58 62
59 63
59 62
58 63
18 132
19 133
19 132
18 133
26 68
27 69
27 68
26 69
18 42
19 43
19 42
18 43
30 68
31 69
31 68
30 69
108 112
109 113
109 112
108 113
8 126
9 127
9 126
8 127
28 34
29 35
29 34
28 35
22 86
23 87
23 86
22 87
12 82
13 83
13 82
12 83
62 66
63 67
63 66
62 67
94 108
95 109
95 108
94 109
88 108
89 109
89 108
88 109
6 18
7 19
7 18
6 19
10 84
11 85
11 84
10 85
28 36
29 37
29 36
28 37
84 90
85 91
85 90
84 91
50 56
51 57
51 56
50 57
10 14
11 15
11 14
10 15
40 44
41 45
41 44
40 45
48 56
49 57
49 56
48 57
2 6
3 7
3 6
2 7
30 36
31 37
31 36
30 37
100 122
101 123
101 122
100 123
106 120
107 121
107 120
106 121
24 70
25 71
25 70
24 71
52 56
53 57
53 56
52 57
102 106
103 107
103 106
102 107
96 106
97 107
97 106
96 107
68 72
69 73
69 72
68 73
56 64
57 65
57 64
56 65
2 18
3 19
3 18
2 19
14 68
15 69
15 68
14 69
22 110
23 111
23 110
22 111
20 40
21 41
21 40
20 41
32 36
33 37
33 36
32 37
22 36
23 37
23 36
22 37
